0 train/1411.jpg 480 640 0 202 109 354 273
1 train/1419.jpg 480 640 0 153 211 418 472
2 train/815.jpg 480 640 0 380 212 478 253
3 train/205.jpg 480 640 0 208 277 283 324 0 613 269 639 289
4 train/1131.jpg 480 640 0 334 160 440 201
5 train/222.jpg 480 640 0 298 297 364 330
6 train/915.jpg 480 640 0 283 233 399 304
7 train/30.jpg 480 640 0 511 248 636 331
8 train/1233.jpg 480 640 0 236 3 574 269
9 train/1480.jpg 480 640 0 267 91 485 280
10 train/1320.jpg 480 640 0 283 52 413 202 0 522 273 556 303
11 train/1141.jpg 480 640 0 421 94 565 130
12 train/46.jpg 480 640 0 216 190 307 280
13 train/1161.jpg 480 640 0 327 144 423 189
14 train/455.jpg 480 640 0 167 317 254 367 0 542 315 579 341
15 train/849.jpg 480 640 0 256 3 368 215
16 train/1474.jpg 480 640 0 249 198 374 292
17 train/857.jpg 480 640 0 286 155 342 236
18 train/1186.jpg 480 640 0 207 156 321 266
19 train/451.jpg 480 640 0 258 235 347 357
20 train/920.jpg 480 640 0 45 212 248 331
21 train/1506.jpg 480 640 0 242 39 414 182 0 271 191 426 285 0 2 89 83 453
22 train/424.jpg 480 640 0 349 345 634 473
23 train/227.jpg 480 640 0 231 320 298 356
24 train/440.jpg 480 640 0 248 111 397 375
25 train/135.jpg 480 640 0 120 230 253 352 0 88 81 137 208
26 train/347.jpg 480 640 0 235 229 324 307
27 train/868.jpg 480 640 0 163 130 271 194
28 train/445.jpg 480 640 0 313 145 423 318
29 train/929.jpg 480 640 0 250 305 390 380
30 train/1117.jpg 480 640 0 296 95 367 204
31 train/255.jpg 480 640 0 67 228 232 322 0 238 226 413 324 0 493 125 636 227
32 train/759.jpg 480 640 0 213 190 356 271 0 472 105 492 161 0 505 109 550 148 0 315 1 369 41
33 train/1227.jpg 480 640 0 7 30 317 206
34 train/887.jpg 480 640 0 348 84 464 263 0 5 338 262 478
35 train/545.jpg 480 640 0 310 239 410 301
36 train/507.jpg 480 640 0 96 210 265 383
37 train/839.jpg 480 640 0 236 71 385 204 0 460 150 484 207
38 train/346.jpg 480 640 0 205 194 332 277
39 train/425.jpg 480 640 0 289 366 555 476
40 train/466.jpg 480 640 0 84 324 253 418
41 train/499.jpg 480 640 0 247 297 466 419
42 train/1485.jpg 480 640 0 218 159 307 228 0 316 262 443 322 0 468 192 608 238
43 train/1251.jpg 480 640 0 139 15 442 349
44 train/1170.jpg 480 640 0 270 144 380 252
45 train/816.jpg 480 640 0 308 185 409 238
46 train/592.jpg 480 640 0 312 210 423 296
47 train/249.jpg 480 640 0 134 256 298 364 0 314 255 460 347 0 411 169 560 259
48 train/666.jpg 480 640 0 227 119 367 240 0 41 278 112 324
49 train/975.jpg 480 640 0 461 394 549 466
50 train/335.jpg 480 640 0 175 302 278 378
51 train/540.jpg 480 640 0 299 209 394 268
52 train/980.jpg 480 640 0 243 280 393 381
53 train/417.jpg 480 640 0 274 282 379 351
54 train/707.jpg 480 640 0 30 162 169 239
55 train/234.jpg 480 640 0 70 426 152 466
56 train/254.jpg 480 640 0 276 221 437 319 0 100 224 257 317 0 515 127 637 235
57 train/375.jpg 480 640 0 252 269 380 379
58 train/933.jpg 480 640 0 136 272 285 368
59 train/763.jpg 480 640 0 475 85 558 152
60 train/1194.jpg 480 640 0 221 77 474 192
61 train/771.jpg 480 640 0 81 114 323 311
62 train/11.jpg 480 640 0 408 218 619 347
63 train/419.jpg 480 640 0 294 273 405 360
64 train/463.jpg 480 640 0 74 331 221 405 0 571 301 604 328
65 train/1282.jpg 480 640 0 134 1 452 292
66 train/663.jpg 480 640 0 241 134 355 244 0 55 251 116 300
67 train/427.jpg 480 640 0 90 310 184 423
68 train/333.jpg 480 640 0 424 272 512 333
69 train/1412.jpg 480 640 0 212 49 362 219
70 train/444.jpg 480 640 0 301 189 431 389
71 train/769.jpg 480 640 0 180 145 416 325
72 train/1318.jpg 480 640 0 282 5 409 146
73 train/1232.jpg 480 640 0 56 7 442 245
74 train/662.jpg 480 640 0 283 185 397 273 0 127 300 184 344
75 train/70.jpg 480 640 0 42 43 239 210
76 train/1193.jpg 480 640 0 237 79 493 197
77 train/1267.jpg 480 640 0 264 138 367 255
78 train/1466.jpg 480 640 0 319 124 551 373 0 156 243 189 278 0 64 179 130 216
79 train/798.jpg 480 640 0 316 156 530 315
80 train/1147.jpg 480 640 0 148 213 229 283
81 train/1064.jpg 480 640 0 206 267 364 334
82 train/972.jpg 480 640 0 192 288 267 353
83 train/701.jpg 480 640 0 117 314 400 477 0 597 91 635 228
84 train/926.jpg 480 640 0 204 311 338 375
85 train/984.jpg 480 640 0 373 293 583 464
86 train/647.jpg 480 640 0 381 165 535 336
87 train/841.jpg 480 640 0 224 46 314 205
88 train/927.jpg 480 640 0 217 278 343 349
89 train/687.jpg 480 640 0 407 182 529 281
90 train/379.jpg 480 640 0 226 335 390 448
91 train/462.jpg 480 640 0 129 298 251 363 0 572 255 609 281
92 train/1158.jpg 480 640 0 276 146 381 265
93 train/817.jpg 480 640 0 345 9 462 132 0 1 94 56 200 0 559 78 595 123
94 train/640.jpg 480 640 0 196 170 373 388
95 train/487.jpg 480 640 0 471 194 634 343
96 train/1321.jpg 480 640 0 266 63 392 220
97 train/674.jpg 480 640 0 318 187 447 292 0 98 341 160 381
98 train/773.jpg 480 640 0 119 112 356 293
99 train/921.jpg 480 640 0 99 250 274 349
100 train/1415.jpg 480 640 0 63 2 252 159
101 train/447.jpg 480 640 0 377 202 496 370
102 train/1278.jpg 480 640 0 236 17 502 294
103 train/470.jpg 480 640 0 38 361 243 474
104 train/541.jpg 480 640 0 309 198 408 256
105 train/401.jpg 480 640 0 255 254 387 346 0 18 364 63 406 0 537 330 607 396
106 train/700.jpg 480 640 0 76 319 355 476 0 531 116 635 246
107 train/250.jpg 480 640 0 208 230 379 339 0 372 234 503 324 0 476 154 624 244
108 train/148.jpg 480 640 0 264 265 403 389 0 217 113 265 245
109 train/132.jpg 480 640 0 120 240 254 358 0 89 84 139 209
110 train/1499.jpg 480 640 0 292 131 514 322
111 train/845.jpg 480 640 0 262 35 338 185
112 train/1275.jpg 480 640 0 237 111 448 371
113 train/45.jpg 480 640 0 219 200 309 283
114 train/590.jpg 480 640 0 307 214 425 298
115 train/1132.jpg 480 640 0 271 121 386 159
116 train/1110.jpg 480 640 0 263 117 357 209
117 train/1052.jpg 480 640 0 120 173 365 339
118 train/1258.jpg 480 640 0 298 148 462 388 0 229 341 317 472
119 train/596.jpg 480 640 0 25 231 190 362
120 train/332.jpg 480 640 0 362 293 445 351
121 train/1177.jpg 480 640 0 334 143 438 258
122 train/767.jpg 480 640 0 195 143 433 308
123 train/668.jpg 480 640 0 185 122 347 256 0 1 299 66 348
124 train/665.jpg 480 640 0 199 154 336 271 0 9 303 82 350
125 train/340.jpg 480 640 0 216 223 361 316
126 train/60.jpg 480 640 0 183 137 300 236
127 train/143.jpg 480 640 0 127 259 257 367 0 85 100 133 230
128 train/381.jpg 480 640 0 10 354 236 477
129 train/704.jpg 480 640 0 207 293 424 462 0 288 214 324 248
130 train/549.jpg 480 640 0 369 193 464 250
131 train/1505.jpg 480 640 0 270 37 448 273 0 33 85 95 425
132 train/1464.jpg 480 640 0 354 155 568 330
133 train/1358.jpg 480 640 0 324 212 408 311
134 train/1112.jpg 480 640 0 233 78 394 208
135 train/930.jpg 480 640 0 201 317 341 394
136 train/371.jpg 480 640 0 73 374 177 453
137 train/1163.jpg 480 640 0 320 172 457 220
138 train/274.jpg 480 640 0 2 99 294 281 0 621 183 638 249
139 train/1225.jpg 480 640 0 242 77 545 276
140 train/842.jpg 480 640 0 154 26 243 177
141 train/1476.jpg 480 640 0 233 139 375 264
142 train/852.jpg 480 640 0 305 53 439 244
143 train/1484.jpg 480 640 0 143 127 334 321
144 train/1152.jpg 480 640 0 247 156 362 265
145 train/858.jpg 480 640 0 241 176 309 241
146 train/534.jpg 480 640 0 315 191 416 238
147 train/681.jpg 480 640 0 259 99 424 228 0 127 276 201 320
148 train/8.jpg 480 640 0 413 211 615 331
149 train/63.jpg 480 640 0 129 115 255 234
150 train/1239.jpg 480 640 0 281 26 574 339
151 train/1196.jpg 480 640 0 211 81 492 186
152 train/1410.jpg 480 640 0 122 84 275 246
153 train/1314.jpg 480 640 0 196 97 312 241 0 428 317 451 346
154 train/686.jpg 480 640 0 235 82 406 224 0 46 270 124 320
155 train/399.jpg 480 640 0 251 282 383 380 0 0 373 39 438 0 551 372 626 443
156 train/494.jpg 480 640 0 53 209 295 352
157 train/4.jpg 480 640 0 487 215 632 315
158 train/573.jpg 480 640 0 274 54 430 187 0 86 67 185 218
159 train/490.jpg 480 640 0 13 244 301 410
160 train/366.jpg 480 640 0 124 285 196 356
161 train/1140.jpg 480 640 0 468 115 564 159
162 train/1106.jpg 480 640 0 187 34 319 134
163 train/1263.jpg 480 640 0 295 130 373 234
164 train/247.jpg 480 640 0 22 229 210 353 0 220 230 361 333 0 303 149 419 244 0 562 188 586 232
165 train/327.jpg 480 640 0 256 242 335 300
166 train/909.jpg 480 640 0 253 245 357 308 0 536 255 569 286
167 train/36.jpg 480 640 0 501 253 639 337
168 train/273.jpg 480 640 0 86 110 393 273
169 train/689.jpg 480 640 0 418 194 553 291
170 train/844.jpg 480 640 0 222 4 302 145
171 train/870.jpg 480 640 0 260 146 356 201
172 train/1230.jpg 480 640 0 48 36 340 311
173 train/312.jpg 480 640 0 304 221 432 297
174 train/923.jpg 480 640 0 143 257 296 336
175 train/1138.jpg 480 640 0 440 127 517 166
176 train/1057.jpg 480 640 0 42 196 435 406
177 train/317.jpg 480 640 0 383 294 527 386
178 train/855.jpg 480 640 0 292 149 349 224
179 train/373.jpg 480 640 0 228 332 332 425
180 train/491.jpg 480 640 0 24 224 299 380
181 train/1058.jpg 480 640 0 84 195 437 394
182 train/546.jpg 480 640 0 305 223 391 273
183 train/1362.jpg 480 640 0 211 239 321 378
184 train/886.jpg 480 640 0 3 340 254 480 0 335 81 479 263
185 train/861.jpg 480 640 0 275 161 353 222
186 train/1481.jpg 480 640 0 248 93 582 353
187 train/488.jpg 480 640 0 10 270 309 444
188 train/587.jpg 480 640 0 293 66 461 205 0 3 3 188 249
189 train/1195.jpg 480 640 0 212 72 474 181
190 train/206.jpg 480 640 0 231 275 308 326
191 train/367.jpg 480 640 0 220 342 301 420 0 6 421 47 480
192 train/1055.jpg 480 640 0 60 181 331 331
193 train/1317.jpg 480 640 0 277 16 409 168
194 train/1246.jpg 480 640 0 259 6 634 457
195 train/207.jpg 480 640 0 259 301 338 353
196 train/925.jpg 480 640 0 208 246 334 320
197 train/442.jpg 480 640 0 360 133 502 360
198 train/1241.jpg 480 640 0 287 42 569 367
199 train/438.jpg 480 640 0 31 96 227 410
200 train/1116.jpg 480 640 0 283 85 367 226
201 train/1048.jpg 480 640 0 74 137 410 367
202 train/260.jpg 480 640 0 213 130 496 274
203 train/694.jpg 480 640 0 259 245 318 305 0 148 339 269 421
204 train/228.jpg 480 640 0 225 315 294 351
205 train/1366.jpg 480 640 0 322 29 520 290
206 train/1056.jpg 480 640 0 60 174 335 342
207 train/265.jpg 480 640 0 163 124 472 296
208 train/1247.jpg 480 640 0 253 8 635 435
209 train/578.jpg 480 640 0 97 16 242 174
210 train/1409.jpg 480 640 0 242 111 356 242
211 train/1503.jpg 480 640 0 319 63 500 287 0 108 115 164 416
212 train/492.jpg 480 640 0 52 286 314 442
213 train/671.jpg 480 640 0 245 196 407 315 0 65 371 142 419
214 train/476.jpg 480 640 0 227 270 321 350
215 train/1090.jpg 480 640 0 379 95 503 159
216 train/134.jpg 480 640 0 115 234 254 353 0 89 82 135 208
217 train/237.jpg 480 640 0 197 223 341 322 0 235 150 323 221 0 338 220 368 302 0 388 192 405 232
218 train/1270.jpg 480 640 0 292 129 427 290
219 train/555.jpg 480 640 0 246 223 334 276
220 train/847.jpg 480 640 0 125 4 250 191
221 train/648.jpg 480 640 0 218 154 435 343
222 train/29.jpg 480 640 0 459 275 636 414
223 train/10.jpg 480 640 0 413 211 611 337
224 train/384.jpg 480 640 0 139 327 314 441
225 train/1265.jpg 480 640 0 329 129 423 247
226 train/344.jpg 480 640 0 13 203 189 309
227 train/912.jpg 480 640 0 280 230 378 293 0 558 257 592 292
228 train/398.jpg 480 640 0 41 380 89 433 0 299 292 435 397
229 train/1237.jpg 480 640 0 216 17 489 334
230 train/412.jpg 480 640 0 211 261 361 347
231 train/1306.jpg 480 640 0 130 3 411 268
232 train/969.jpg 480 640 0 256 208 345 287
233 train/377.jpg 480 640 0 322 358 470 470
234 train/1198.jpg 480 640 0 279 46 592 188
235 train/840.jpg 480 640 0 266 35 370 207
236 train/768.jpg 480 640 0 166 151 401 330
237 train/698.jpg 480 640 0 274 195 349 273 0 91 318 281 446
238 train/1062.jpg 480 640 0 202 256 366 334
239 train/38.jpg 480 640 0 508 253 635 335
240 train/403.jpg 480 640 0 371 271 570 405 0 80 392 129 450
241 train/1099.jpg 480 640 0 404 65 513 152
242 train/261.jpg 480 640 0 209 121 508 274
243 train/703.jpg 480 640 0 216 305 467 478 0 294 233 331 263
244 train/133.jpg 480 640 0 121 228 254 355 0 83 89 138 214
245 train/983.jpg 480 640 0 202 291 383 428
246 train/874.jpg 480 640 0 309 5 374 114 0 179 130 299 249 0 32 8 176 120
247 train/34.jpg 480 640 0 507 247 635 329
248 train/1114.jpg 480 640 0 206 24 357 189
249 train/860.jpg 480 640 0 256 173 335 235
250 train/316.jpg 480 640 0 315 187 451 283
251 train/318.jpg 480 640 0 377 215 524 291
252 train/1325.jpg 480 640 0 230 2 395 179
253 train/323.jpg 480 640 0 494 290 599 351
254 train/1408.jpg 480 640 0 254 149 359 264
255 train/418.jpg 480 640 0 269 283 367 360
256 train/35.jpg 480 640 0 507 251 638 334
257 train/459.jpg 480 640 0 91 428 203 478 0 525 401 558 428
258 train/62.jpg 480 640 0 158 109 282 226
259 train/420.jpg 480 640 0 365 274 480 354
260 train/1063.jpg 480 640 0 204 265 374 337
261 train/141.jpg 480 640 0 154 263 296 375 0 105 106 159 247
262 train/138.jpg 480 640 0 188 258 322 362 0 137 98 189 235
263 train/226.jpg 480 640 0 230 306 302 341
264 train/461.jpg 480 640 0 206 402 313 465
265 train/413.jpg 480 640 0 163 305 307 392
266 train/453.jpg 480 640 0 301 172 384 283
267 train/699.jpg 480 640 0 435 154 567 272 0 5 343 268 478
268 train/1312.jpg 480 640 0 241 20 356 164 0 465 253 491 281
269 train/1173.jpg 480 640 0 259 108 380 231
270 train/656.jpg 480 640 0 237 122 425 277
271 train/538.jpg 480 640 0 332 219 430 273
272 train/1149.jpg 480 640 0 396 157 469 249
273 train/414.jpg 480 640 0 165 268 297 352
274 train/1253.jpg 480 640 0 189 8 519 348
275 train/875.jpg 480 640 0 301 3 373 79 0 169 101 299 216 0 5 4 155 85
276 train/58.jpg 480 640 0 139 134 254 234
277 train/1305.jpg 480 640 0 188 55 439 324
278 train/913.jpg 480 640 0 278 215 374 279 0 552 248 584 279
279 train/49.jpg 480 640 0 217 210 303 295
280 train/864.jpg 480 640 0 280 189 367 244
281 train/853.jpg 480 640 0 314 108 440 296
282 train/500.jpg 480 640 0 360 274 586 420
283 train/330.jpg 480 640 0 356 268 443 321
284 train/976.jpg 480 640 0 468 395 560 459
285 train/676.jpg 480 640 0 66 203 251 340 0 0 409 73 456
286 train/68.jpg 480 640 0 1 41 196 211
287 train/51.jpg 480 640 0 154 187 251 273
288 train/243.jpg 480 640 0 86 230 258 361 0 274 249 347 341 0 258 173 347 251 0 441 223 458 267
289 train/387.jpg 480 640 0 291 273 445 397
290 train/693.jpg 480 640 0 98 241 211 321 0 191 155 259 222
291 train/1154.jpg 480 640 0 217 158 336 271
292 train/235.jpg 480 640 0 30 415 122 448
293 train/1243.jpg 480 640 0 197 3 530 373
294 train/308.jpg 480 640 0 89 254 222 329
295 train/823.jpg 480 640 0 341 50 483 178 0 567 115 627 157
296 train/208.jpg 480 640 0 270 282 351 329
297 train/1502.jpg 480 640 0 321 100 540 310
298 train/1461.jpg 480 640 0 325 147 502 288
299 train/267.jpg 480 640 0 189 122 487 278
300 train/410.jpg 480 640 0 193 287 358 383 0 365 322 402 377
301 train/15.jpg 480 640 0 372 220 563 341
302 train/835.jpg 480 640 0 325 129 420 202 0 418 167 433 210
303 train/762.jpg 480 640 0 496 85 591 156
304 train/212.jpg 480 640 0 207 281 309 346
305 train/878.jpg 480 640 0 288 28 375 161 0 61 169 268 330
306 train/859.jpg 480 640 0 229 177 306 241
307 train/1281.jpg 480 640 0 113 4 424 291
308 train/506.jpg 480 640 0 284 255 440 425
309 train/873.jpg 480 640 0 247 188 346 238
310 train/652.jpg 480 640 0 144 149 354 322
311 train/503.jpg 480 640 0 234 144 446 382
312 train/365.jpg 480 640 0 58 398 136 470
313 train/609.jpg 480 640 0 34 220 197 340
314 train/967.jpg 480 640 0 270 239 354 306
315 train/218.jpg 480 640 0 462 262 538 295
316 train/1257.jpg 480 640 0 289 153 450 368 0 282 336 356 462
317 train/203.jpg 480 640 0 271 243 342 282
318 train/577.jpg 480 640 0 96 18 241 170
319 train/263.jpg 480 640 0 195 107 497 255
320 train/0.jpg 480 640 0 462 230 612 336
321 train/982.jpg 480 640 0 235 297 412 401
322 train/1360.jpg 480 640 0 271 180 362 307
323 train/705.jpg 480 640 0 208 337 407 475 0 379 250 407 280 0 27 289 54 301 0 126 286 147 295
324 train/404.jpg 480 640 0 325 288 507 392 0 4 410 41 473 0 610 353 639 428
325 train/328.jpg 480 640 0 319 266 402 323
326 train/1068.jpg 480 640 0 141 166 316 266
327 train/430.jpg 480 640 0 202 166 290 281
328 train/1174.jpg 480 640 0 329 90 429 215
329 train/309.jpg 480 640 0 133 216 266 289
330 train/1277.jpg 480 640 0 202 67 444 335
331 train/266.jpg 480 640 0 174 122 479 273
332 train/1413.jpg 480 640 0 180 1 335 177
333 train/1180.jpg 480 640 0 349 154 422 252
334 train/1486.jpg 480 640 0 199 326 383 406 0 342 214 499 259 0 8 189 169 288
335 train/214.jpg 480 640 0 150 279 265 351
336 train/691.jpg 480 640 0 241 94 406 208
337 train/764.jpg 480 640 0 444 74 539 138 0 595 6 628 55
338 train/1157.jpg 480 640 0 229 162 338 279
339 train/1361.jpg 480 640 0 223 239 329 376
340 train/584.jpg 480 640 0 81 15 237 172
341 train/385.jpg 480 640 0 216 286 381 416
342 train/869.jpg 480 640 0 242 111 336 179
343 train/611.jpg 480 640 0 12 225 174 349
344 train/1228.jpg 480 640 0 48 34 321 263
345 train/608.jpg 480 640 0 22 223 185 342
346 train/1111.jpg 480 640 0 254 104 358 205
347 train/757.jpg 480 640 0 170 170 341 253 0 501 68 528 127 0 542 82 594 115
348 train/1498.jpg 480 640 0 300 166 522 346
349 train/338.jpg 480 640 0 175 293 320 392
350 train/1.jpg 480 640 0 461 229 613 331
351 train/388.jpg 480 640 0 288 263 435 386
352 train/378.jpg 480 640 0 307 319 456 432
353 train/1264.jpg 480 640 0 306 147 390 247
354 train/1047.jpg 480 640 0 21 147 388 357 0 402 116 633 344
355 train/669.jpg 480 640 0 226 126 388 251 0 43 303 118 348
356 train/3.jpg 480 640 0 523 226 635 330
357 train/311.jpg 480 640 0 187 206 312 281
358 train/1309.jpg 480 640 0 276 39 381 167
359 train/570.jpg 480 640 0 147 65 283 236 0 381 44 571 191
360 train/1488.jpg 480 640 0 290 288 496 400 0 2 132 200 279 0 435 149 567 207
361 train/883.jpg 480 640 0 322 80 467 283
362 train/57.jpg 480 640 0 125 141 238 231
363 train/1405.jpg 480 640 0 247 110 336 227
364 train/1313.jpg 480 640 0 248 34 367 172
365 train/1479.jpg 480 640 0 225 142 401 316
366 train/1091.jpg 480 640 0 357 101 463 165
367 train/468.jpg 480 640 0 5 345 191 451
368 train/1250.jpg 480 640 0 134 19 451 375
369 train/150.jpg 480 640 0 353 231 530 359 0 307 73 357 213
370 train/1182.jpg 480 640 0 302 150 371 247
371 train/1094.jpg 480 640 0 327 61 461 148
372 train/1455.jpg 480 640 0 219 196 321 277
373 train/1359.jpg 480 640 0 309 182 396 286
374 train/39.jpg 480 640 0 508 247 639 334
375 train/706.jpg 480 640 0 181 274 365 441 0 349 211 379 233
376 train/1310.jpg 480 640 0 301 75 415 220
377 train/1271.jpg 480 640 0 306 99 443 267
378 train/716.jpg 480 640 0 339 90 590 224
379 train/423.jpg 480 640 0 282 304 505 465
380 train/232.jpg 480 640 0 67 337 146 374
381 train/24.jpg 480 640 0 431 292 540 358
382 train/1322.jpg 480 640 0 253 98 384 254
383 train/37.jpg 480 640 0 507 250 636 336
384 train/837.jpg 480 640 0 333 101 440 194 0 451 153 471 203
385 train/1245.jpg 480 640 0 229 12 627 382
386 train/484.jpg 480 640 0 253 360 390 457
387 train/675.jpg 480 640 0 263 167 416 275 0 140 331 204 367
388 train/405.jpg 480 640 0 321 275 518 395 0 616 345 638 413
389 train/217.jpg 480 640 0 148 285 283 375
390 train/1454.jpg 480 640 0 290 133 387 215
391 train/1280.jpg 480 640 0 185 17 477 329
392 train/498.jpg 480 640 0 174 251 383 378
393 train/1135.jpg 480 640 0 395 115 512 151
394 train/482.jpg 480 640 0 346 299 466 385
395 train/641.jpg 480 640 0 245 120 428 325
396 train/908.jpg 480 640 0 295 240 393 304 0 584 269 618 298
397 train/1146.jpg 480 640 0 270 136 341 168
398 train/1053.jpg 480 640 0 76 204 337 360
399 train/711.jpg 480 640 0 411 97 615 205
400 train/582.jpg 480 640 0 91 9 241 173
401 train/270.jpg 480 640 0 188 112 494 267
402 train/533.jpg 480 640 0 338 189 442 237
403 train/310.jpg 480 640 0 159 257 294 328
404 train/483.jpg 480 640 0 312 340 438 440
405 train/1172.jpg 480 640 0 229 111 345 230
406 train/429.jpg 480 640 0 220 263 310 381
407 train/1319.jpg 480 640 0 297 50 418 207
408 train/224.jpg 480 640 0 247 309 308 341
409 train/672.jpg 480 640 0 36 129 208 269
410 train/248.jpg 480 640 0 102 232 271 333 0 289 225 434 324 0 370 143 507 238
411 train/761.jpg 480 640 0 352 195 445 264 0 400 5 445 77 0 515 122 533 175 0 541 131 588 164
412 train/14.jpg 480 640 0 362 229 552 342
413 train/383.jpg 480 640 0 69 361 280 475
414 train/395.jpg 480 640 0 414 318 548 394
415 train/136.jpg 480 640 0 122 237 254 350 0 88 78 136 204
416 train/59.jpg 480 640 0 158 138 279 237
417 train/610.jpg 480 640 0 6 223 179 348
418 train/1262.jpg 480 640 0 334 135 414 234
419 train/1255.jpg 480 640 0 267 145 396 340 0 247 306 320 423
420 train/1308.jpg 480 640 0 293 33 395 159
421 train/981.jpg 480 640 0 241 303 412 418
422 train/1500.jpg 480 640 0 303 117 492 309
423 train/702.jpg 480 640 0 206 302 458 465 0 286 227 309 254
424 train/220.jpg 480 640 0 396 280 461 312
425 train/682.jpg 480 640 0 337 92 519 218 0 223 276 291 319
426 train/313.jpg 480 640 0 297 255 432 329
427 train/1169.jpg 480 640 0 349 147 478 274
428 train/643.jpg 480 640 0 406 126 600 308
429 train/337.jpg 480 640 0 82 279 210 363
430 train/1477.jpg 480 640 0 238 114 382 252
431 train/460.jpg 480 640 0 179 332 289 398 0 613 333 636 363
432 train/593.jpg 480 640 0 355 202 473 287
433 train/1153.jpg 480 640 0 183 158 304 266
434 train/209.jpg 480 640 0 191 299 284 352
435 train/812.jpg 480 640 0 324 124 421 179
436 train/370.jpg 480 640 0 28 302 127 379
437 train/7.jpg 480 640 0 459 230 611 336
438 train/919.jpg 480 640 0 177 189 367 306
439 train/974.jpg 480 640 0 474 411 554 470
440 train/145.jpg 480 640 0 121 254 258 370 0 79 98 130 234
441 train/2.jpg 480 640 0 500 237 633 343
442 train/56.jpg 480 640 0 146 135 251 232
443 train/571.jpg 480 640 0 290 44 469 183 0 39 46 187 221
444 train/710.jpg 480 640 0 361 121 545 203
445 train/572.jpg 480 640 0 230 46 413 194 0 2 42 118 232
446 train/272.jpg 480 640 0 164 113 465 266
447 train/1066.jpg 480 640 0 178 201 329 279
448 train/575.jpg 480 640 0 279 45 429 188 0 88 60 184 220
449 train/1453.jpg 480 640 0 167 97 263 172
450 train/799.jpg 480 640 0 270 167 456 323 0 524 150 564 222
451 train/713.jpg 480 640 0 292 142 512 252
452 train/657.jpg 480 640 0 151 176 237 244 0 4 277 36 303
453 train/28.jpg 480 640 0 452 285 636 408
454 train/262.jpg 480 640 0 217 102 517 255
455 train/601.jpg 480 640 0 142 243 279 341
456 train/924.jpg 480 640 0 194 267 340 349
457 train/766.jpg 480 640 0 204 182 441 363
458 train/139.jpg 480 640 0 157 258 294 378 0 104 107 160 246
459 train/866.jpg 480 640 0 140 93 251 171
460 train/324.jpg 480 640 0 399 289 490 343
461 train/928.jpg 480 640 0 235 324 367 398
462 train/931.jpg 480 640 0 152 307 295 387
463 train/329.jpg 480 640 0 373 270 460 330
464 train/477.jpg 480 640 0 220 339 315 404
465 train/1307.jpg 480 640 0 386 59 482 186
466 train/1483.jpg 480 640 0 62 152 321 362
467 train/911.jpg 480 640 0 257 227 363 292 0 538 244 577 280
468 train/822.jpg 480 640 0 322 52 460 175 0 542 116 594 158
469 train/50.jpg 480 640 0 150 208 252 297
470 train/537.jpg 480 640 0 330 222 441 268
471 train/1504.jpg 480 640 0 300 41 478 279 0 73 87 130 400
472 train/792.jpg 480 640 0 371 203 469 292 0 591 184 622 237
473 train/553.jpg 480 640 0 194 230 280 285
474 train/434.jpg 480 640 0 81 212 197 378
475 train/979.jpg 480 640 0 500 386 613 465
476 train/467.jpg 480 640 0 89 324 256 415
477 train/131.jpg 480 640 0 126 236 256 352 0 89 75 140 208
478 train/770.jpg 480 640 0 128 129 369 311
479 train/680.jpg 480 640 0 248 58 419 181 0 122 243 195 281
480 train/588.jpg 480 640 0 158 7 331 217 0 445 37 640 179
481 train/48.jpg 480 640 0 202 218 294 307
482 train/800.jpg 480 640 0 305 181 493 333 0 541 155 584 221
483 train/793.jpg 480 640 0 380 211 477 286 0 598 169 630 227
484 train/1300.jpg 480 640 0 279 54 463 282
485 train/342.jpg 480 640 0 40 197 252 316
486 train/595.jpg 480 640 0 74 222 233 328
487 train/605.jpg 480 640 0 154 244 295 341
488 train/794.jpg 480 640 0 205 168 438 344 0 539 175 576 240
489 train/882.jpg 480 640 0 166 37 301 223
490 train/400.jpg 480 640 0 239 263 373 354 0 2 359 34 408 0 527 333 595 407
491 train/885.jpg 480 640 0 330 88 459 279 0 5 343 227 475
492 train/41.jpg 480 640 0 509 241 634 341
493 train/246.jpg 480 640 0 59 215 245 340 0 250 220 384 317 0 297 145 415 236
494 train/257.jpg 480 640 0 273 263 479 385 0 205 264 267 367
495 train/568.jpg 480 640 0 168 66 311 235 0 419 60 621 203
496 train/1269.jpg 480 640 0 310 137 438 276
497 train/786.jpg 480 640 0 213 206 432 386 0 541 212 583 279
498 train/581.jpg 480 640 0 101 20 243 175
499 train/1238.jpg 480 640 0 260 58 577 380
500 train/1487.jpg 480 640 0 173 266 379 361 0 340 146 479 193 0 2 125 131 242
501 train/239.jpg 480 640 0 106 240 273 360 0 282 252 323 340 0 214 172 293 253 0 367 223 386 265
502 train/971.jpg 480 640 0 105 311 186 382
503 train/542.jpg 480 640 0 328 248 428 299
504 train/1137.jpg 480 640 0 411 151 498 175
505 train/914.jpg 480 640 0 284 240 395 311
506 train/1470.jpg 480 640 0 201 265 386 378
507 train/380.jpg 480 640 0 114 306 314 424
508 train/268.jpg 480 640 0 194 112 494 271
509 train/591.jpg 480 640 0 317 218 425 297
510 train/863.jpg 480 640 0 305 164 390 223
511 train/843.jpg 480 640 0 192 6 268 157
512 train/1260.jpg 480 640 0 280 141 400 329 0 243 297 312 408
513 train/326.jpg 480 640 0 266 268 352 323
514 train/819.jpg 480 640 0 334 47 459 160 0 549 105 615 148
515 train/1156.jpg 480 640 0 219 147 332 265
516 train/1304.jpg 480 640 0 261 74 495 337
517 train/1223.jpg 480 640 0 241 108 596 275
518 train/1240.jpg 480 640 0 253 11 508 340
519 train/409.jpg 480 640 0 251 269 428 376 0 442 312 490 369
520 train/1324.jpg 480 640 0 267 36 412 219
521 train/814.jpg 480 640 0 391 207 491 255
522 train/539.jpg 480 640 0 339 235 446 294
523 train/717.jpg 480 640 0 230 98 459 227
524 train/1105.jpg 480 640 0 218 74 335 172
525 train/574.jpg 480 640 0 275 45 431 184 0 85 68 185 221
526 train/1184.jpg 480 640 0 261 174 347 279
527 train/449.jpg 480 640 0 353 200 450 337
528 train/376.jpg 480 640 0 304 342 441 441
529 train/718.jpg 480 640 0 368 73 636 223
530 train/1113.jpg 480 640 0 203 30 366 190
531 train/1093.jpg 480 640 0 308 64 440 135
532 train/1457.jpg 480 640 0 291 198 421 295
533 train/129.jpg 480 640 0 134 238 268 346 0 93 87 150 208
534 train/1266.jpg 480 640 0 277 152 371 272
535 train/1407.jpg 480 640 0 193 127 300 244
536 train/69.jpg 480 640 0 14 42 217 218
537 train/1465.jpg 480 640 0 308 153 543 357
538 train/655.jpg 480 640 0 223 144 412 292
539 train/242.jpg 480 640 0 144 234 308 355 0 315 250 389 333 0 295 173 382 254 0 478 226 497 263
540 train/658.jpg 480 640 0 125 263 229 346
541 train/604.jpg 480 640 0 151 242 293 346
542 train/1065.jpg 480 640 0 190 263 363 329
543 train/210.jpg 480 640 0 176 291 270 342
544 train/147.jpg 480 640 0 202 193 335 311 0 151 49 203 176
545 train/258.jpg 480 640 0 277 259 484 387 0 216 259 273 373
546 train/978.jpg 480 640 0 486 381 591 465
547 train/696.jpg 480 640 0 176 319 335 422 0 320 197 398 275
548 train/1092.jpg 480 640 0 325 72 445 138
549 train/1144.jpg 480 640 0 339 144 430 182
550 train/1274.jpg 480 640 0 230 114 407 355
551 train/42.jpg 480 640 0 522 225 636 307
552 train/396.jpg 480 640 0 326 316 458 419
553 train/838.jpg 480 640 0 342 81 463 177 0 483 136 508 188
554 train/336.jpg 480 640 0 111 286 230 370
555 train/1061.jpg 480 640 0 101 183 392 362
556 train/1460.jpg 480 640 0 346 150 520 277
557 train/142.jpg 480 640 0 149 267 283 374 0 98 108 150 246
558 train/439.jpg 480 640 0 194 126 358 395
559 train/1150.jpg 480 640 0 318 156 398 248
560 train/456.jpg 480 640 0 197 378 290 439 0 597 377 634 410
561 train/985.jpg 480 640 0 370 264 537 398
562 train/679.jpg 480 640 0 232 118 430 265 0 129 333 210 380
563 train/692.jpg 480 640 0 247 57 432 224
564 train/884.jpg 480 640 0 321 88 448 274 0 6 354 208 477
565 train/32.jpg 480 640 0 509 249 635 334
566 train/659.jpg 480 640 0 76 167 190 256
567 train/25.jpg 480 640 0 431 292 540 358
568 train/670.jpg 480 640 0 230 145 388 267 0 49 314 124 359
569 train/607.jpg 480 640 0 73 237 233 348
570 train/31.jpg 480 640 0 508 247 637 341
571 train/454.jpg 480 640 0 204 263 279 307 0 562 255 594 279
572 train/1107.jpg 480 640 0 192 36 346 139
573 train/649.jpg 480 640 0 182 91 420 290
574 train/130.jpg 480 640 0 129 236 254 348 0 95 74 144 209
575 train/1254.jpg 480 640 0 272 119 393 311 0 260 277 323 394
576 train/1139.jpg 480 640 0 468 122 553 164
577 train/811.jpg 480 640 0 218 72 317 138
578 train/452.jpg 480 640 0 311 197 404 319
579 train/576.jpg 480 640 0 97 21 238 169
580 train/1475.jpg 480 640 0 237 139 376 268
581 train/1248.jpg 480 640 0 135 30 630 477
582 train/1191.jpg 480 640 0 259 111 509 252
583 train/1272.jpg 480 640 0 334 44 499 244
584 train/244.jpg 480 640 0 93 235 273 359 0 280 249 365 342 0 269 171 365 255 0 458 230 475 266
585 train/597.jpg 480 640 0 7 232 171 358
586 train/752.jpg 480 640 0 367 171 617 294
587 train/1364.jpg 480 640 0 206 127 343 317
588 train/558.jpg 480 640 0 443 242 523 290
589 train/932.jpg 480 640 0 153 236 299 323
590 train/872.jpg 480 640 0 230 200 334 254
591 train/1244.jpg 480 640 0 305 76 632 403
592 train/1463.jpg 480 640 0 392 176 591 330
593 train/1159.jpg 480 640 0 214 170 360 212
594 train/753.jpg 480 640 0 142 144 386 256
595 train/1229.jpg 480 640 0 92 60 378 374
596 train/66.jpg 480 640 0 29 77 208 229
597 train/374.jpg 480 640 0 281 321 392 408
598 train/27.jpg 480 640 0 443 255 621 368
599 train/1261.jpg 480 640 0 355 166 431 262
600 train/760.jpg 480 640 0 238 211 344 274 0 306 1 353 72 0 411 129 430 181 0 441 141 480 172
601 train/1473.jpg 480 640 0 164 180 279 265
602 train/1234.jpg 480 640 0 196 7 487 310
603 train/712.jpg 480 640 0 195 124 398 237
604 train/437.jpg 480 640 0 24 94 167 274
605 train/1472.jpg 480 640 0 263 172 376 248
606 train/697.jpg 480 640 0 174 312 337 426 0 318 187 396 262
607 train/1418.jpg 480 640 0 176 68 393 307
608 train/832.jpg 480 640 0 319 122 396 190
609 train/836.jpg 480 640 0 333 108 437 186 0 446 155 465 202
610 train/128.jpg 480 640 0 125 238 268 352 0 96 69 150 207
611 train/646.jpg 480 640 0 339 157 483 329
612 train/485.jpg 480 640 0 304 310 444 418
613 train/146.jpg 480 640 0 129 213 272 330 0 73 66 136 203
614 train/392.jpg 480 640 0 171 294 328 423
615 train/372.jpg 480 640 0 151 336 261 433
616 train/557.jpg 480 640 0 321 260 396 307
617 train/215.jpg 480 640 0 103 285 229 359
618 train/5.jpg 480 640 0 490 227 639 360
619 train/1178.jpg 480 640 0 325 137 422 251
620 train/256.jpg 480 640 0 85 258 229 368 0 236 253 393 375 0 550 128 635 256
621 train/1414.jpg 480 640 0 110 5 283 174 0 152 8 246 83 0 132 134 147 150
622 train/709.jpg 480 640 0 397 104 570 183
623 train/52.jpg 480 640 0 159 159 249 242
624 train/1142.jpg 480 640 0 286 85 422 118
625 train/475.jpg 480 640 0 199 372 291 450
626 train/325.jpg 480 640 0 341 275 423 327
627 train/67.jpg 480 640 0 3 69 186 226
628 train/1155.jpg 480 640 0 210 149 319 263
629 train/543.jpg 480 640 0 278 228 374 281
630 train/664.jpg 480 640 0 110 135 252 255
631 train/1467.jpg 480 640 0 299 119 502 380 0 173 239 204 267 0 85 183 151 207
632 train/1143.jpg 480 640 0 311 112 432 145
633 train/245.jpg 480 640 0 2 210 184 336 0 203 215 324 315 0 242 143 351 234
634 train/465.jpg 480 640 0 58 392 224 478
635 train/877.jpg 480 640 0 276 19 354 145 0 72 166 266 317
636 train/236.jpg 480 640 0 169 226 307 340 0 193 155 282 229 0 307 221 332 309 0 345 201 356 235
637 train/685.jpg 480 640 0 215 122 374 238 0 111 287 182 327
638 train/1421.jpg 480 640 0 212 2 528 190
639 train/386.jpg 480 640 0 267 268 432 385
640 train/589.jpg 480 640 0 150 5 320 205 0 423 18 624 160
641 train/1231.jpg 480 640 0 8 15 344 258
642 train/230.jpg 480 640 0 163 320 239 359
643 train/1133.jpg 480 640 0 276 114 387 155
644 train/415.jpg 480 640 0 341 312 467 397
645 train/43.jpg 480 640 0 493 217 619 305
646 train/1316.jpg 480 640 0 261 2 381 154
647 train/458.jpg 480 640 0 143 331 240 393 0 549 313 578 338
648 train/1236.jpg 480 640 0 235 57 506 372
649 train/599.jpg 480 640 0 77 246 231 355
650 train/580.jpg 480 640 0 93 16 243 175
651 train/26.jpg 480 640 0 450 255 618 359
652 train/473.jpg 480 640 0 225 366 303 420
653 train/594.jpg 480 640 0 403 175 556 276
654 train/714.jpg 480 640 0 274 139 486 253
655 train/13.jpg 480 640 0 407 216 605 334
656 train/448.jpg 480 640 0 294 142 390 289
657 train/642.jpg 480 640 0 213 67 483 309
658 train/204.jpg 480 640 0 229 269 303 307
659 train/493.jpg 480 640 0 62 294 318 435
660 train/1187.jpg 480 640 0 197 180 306 293
661 train/6.jpg 480 640 0 475 224 635 343
662 train/846.jpg 480 640 0 128 3 289 221
663 train/796.jpg 480 640 0 387 197 464 264 0 597 173 620 215
664 train/880.jpg 480 640 0 369 4 462 106 0 101 113 331 283
665 train/1242.jpg 480 640 0 237 1 529 338
666 train/1302.jpg 480 640 0 276 85 465 304
667 train/583.jpg 480 640 0 123 14 271 172
668 train/406.jpg 480 640 0 374 306 605 428
669 train/548.jpg 480 640 0 428 215 523 264
670 train/436.jpg 480 640 0 0 155 133 341
671 train/471.jpg 480 640 0 96 324 291 453
672 train/1276.jpg 480 640 0 214 59 409 361
673 train/489.jpg 480 640 0 7 265 310 434
674 train/269.jpg 480 640 0 186 109 495 261
675 train/233.jpg 480 640 0 3 356 89 398 0 559 83 628 123
676 train/1190.jpg 480 640 0 204 177 293 279
677 train/149.jpg 480 640 0 333 226 499 360 0 277 102 334 223
678 train/12.jpg 480 640 0 402 217 603 338
679 train/851.jpg 480 640 0 356 2 515 180
680 train/426.jpg 480 640 0 278 176 364 291
681 train/556.jpg 480 640 0 250 253 321 297
682 train/966.jpg 480 640 0 280 238 371 310
683 train/472.jpg 480 640 0 234 271 310 332
684 train/867.jpg 480 640 0 150 126 248 188
685 train/496.jpg 480 640 0 102 237 339 376
686 train/402.jpg 480 640 0 148 421 202 472 0 430 311 625 429
687 train/441.jpg 480 640 0 314 101 455 356
688 train/368.jpg 480 640 0 412 300 493 382 0 192 365 254 451
689 train/1226.jpg 480 640 0 289 94 553 264
690 train/1249.jpg 480 640 0 113 17 624 465
691 train/1468.jpg 480 640 0 321 232 491 323
692 train/422.jpg 480 640 0 340 310 546 472
693 train/824.jpg 480 640 0 347 47 494 182 0 574 110 637 163
694 train/433.jpg 480 640 0 67 151 181 291
695 train/443.jpg 480 640 0 328 151 459 359
696 train/673.jpg 480 640 0 206 179 345 293 0 1 340 36 384
697 train/1235.jpg 480 640 0 202 9 502 301
698 train/55.jpg 480 640 0 181 134 281 225
699 train/888.jpg 480 640 0 339 104 465 276 0 5 365 259 477
700 train/791.jpg 480 640 0 357 224 449 310 0 578 202 608 257
701 train/1162.jpg 480 640 0 292 145 401 194
702 train/660.jpg 480 640 0 138 169 255 245 0 3 286 38 318
703 train/973.jpg 480 640 0 225 294 299 368
704 train/667.jpg 480 640 0 165 143 323 272
705 train/508.jpg 480 640 0 48 229 238 404
706 train/600.jpg 480 640 0 91 246 237 354
707 train/579.jpg 480 640 0 88 16 245 176
708 train/1049.jpg 480 640 0 77 164 398 398
709 train/464.jpg 480 640 0 22 344 184 434 0 547 324 584 352
710 train/1179.jpg 480 640 0 330 134 419 236
711 train/394.jpg 480 640 0 361 289 483 364
712 train/446.jpg 480 640 0 384 179 511 349
713 train/1188.jpg 480 640 0 154 147 275 265
714 train/821.jpg 480 640 0 293 53 417 169 0 498 107 538 157
715 train/504.jpg 480 640 0 190 209 397 436
716 train/390.jpg 480 640 0 188 254 337 364
717 train/1489.jpg 480 640 0 89 219 348 402 0 248 34 402 97
718 train/547.jpg 480 640 0 346 222 441 277
719 train/1059.jpg 480 640 0 81 200 441 388
720 train/382.jpg 480 640 0 68 361 303 469
721 train/502.jpg 480 640 0 367 212 590 340
722 train/708.jpg 480 640 0 248 134 392 209
723 train/229.jpg 480 640 0 223 313 295 346
724 train/1301.jpg 480 640 0 316 93 499 313
725 train/72.jpg 480 640 0 3 4 212 195
726 train/450.jpg 480 640 0 327 170 440 308
727 train/606.jpg 480 640 0 214 234 351 340
728 train/970.jpg 480 640 0 58 325 156 397
729 train/1109.jpg 480 640 0 252 177 346 207 0 260 155 348 177 0 274 121 323 152
730 train/790.jpg 480 640 0 363 185 472 278 0 596 167 629 224
731 train/603.jpg 480 640 0 154 239 293 340
732 train/9.jpg 480 640 0 458 237 620 325
733 train/986.jpg 480 640 0 501 378 579 437
734 train/216.jpg 480 640 0 152 284 279 367
735 train/253.jpg 480 640 0 331 213 491 312 0 168 228 318 308 0 575 123 638 228
736 train/1197.jpg 480 640 0 246 77 546 195
737 train/1256.jpg 480 640 0 271 168 407 368 0 257 329 327 459
738 train/457.jpg 480 640 0 144 259 239 308 0 522 255 559 279
739 train/1175.jpg 480 640 0 321 107 438 232
740 train/1458.jpg 480 640 0 254 155 380 263
741 train/486.jpg 480 640 0 379 342 551 469
742 train/788.jpg 480 640 0 374 179 485 272 0 609 150 637 201
743 train/536.jpg 480 640 0 392 224 503 276
744 train/271.jpg 480 640 0 177 100 488 267
745 train/1420.jpg 480 640 0 215 7 494 266
746 train/1357.jpg 480 640 0 241 186 315 275
747 train/653.jpg 480 640 0 172 132 361 276
748 train/345.jpg 480 640 0 112 192 263 287
749 train/650.jpg 480 640 0 149 101 376 285
750 train/264.jpg 480 640 0 166 128 454 282
751 train/1365.jpg 480 640 0 175 76 361 283
752 train/54.jpg 480 640 0 204 127 305 219
753 train/474.jpg 480 640 0 158 306 249 373
754 train/480.jpg 480 640 0 181 348 296 432
755 train/602.jpg 480 640 0 174 237 309 337
756 train/677.jpg 480 640 0 369 87 579 253 0 280 324 355 364
757 train/1222.jpg 480 640 0 206 39 532 260
758 train/47.jpg 480 640 0 202 215 295 298
759 train/421.jpg 480 640 0 372 269 568 437
760 train/688.jpg 480 640 0 427 144 540 252
761 train/127.jpg 480 640 0 139 237 269 348 0 105 73 155 213
762 train/585.jpg 480 640 0 108 30 276 184
763 train/820.jpg 480 640 0 314 36 437 150 0 530 99 591 136
764 train/259.jpg 480 640 0 267 147 573 301
765 train/772.jpg 480 640 0 90 123 327 309
766 train/1192.jpg 480 640 0 276 67 518 222
767 train/1176.jpg 480 640 0 333 133 444 257
768 train/1303.jpg 480 640 0 278 97 488 327
769 train/408.jpg 480 640 0 303 314 503 425 0 531 359 594 429
770 train/977.jpg 480 640 0 476 381 569 451
771 train/71.jpg 480 640 0 29 23 239 206
772 train/137.jpg 480 640 0 119 234 251 345 0 86 78 135 209
773 train/1181.jpg 480 640 0 310 150 379 241
774 train/1115.jpg 480 640 0 266 75 357 212
775 train/1478.jpg 480 640 0 301 137 464 312
776 train/469.jpg 480 640 0 66 275 254 397
777 train/1183.jpg 480 640 0 295 154 364 258
778 train/1060.jpg 480 640 0 95 186 430 389
779 train/314.jpg 480 640 0 423 205 568 279
780 train/661.jpg 480 640 0 127 156 251 252
781 train/1108.jpg 480 640 0 285 138 347 202
782 train/1096.jpg 480 640 0 316 26 442 109
783 train/787.jpg 480 640 0 207 188 427 369 0 531 193 564 256
784 train/879.jpg 480 640 0 61 108 293 273 0 314 1 407 103
785 train/765.jpg 480 640 0 353 144 599 339
786 train/241.jpg 480 640 0 131 231 322 351 0 303 235 368 317 0 254 160 347 236 0 430 207 449 246
787 train/251.jpg 480 640 0 197 216 337 299 0 345 213 485 299 0 470 136 589 222
788 train/552.jpg 480 640 0 241 239 328 293
789 train/219.jpg 480 640 0 401 262 471 291
790 train/1095.jpg 480 640 0 313 14 437 98
791 train/916.jpg 480 640 0 254 253 394 338
792 train/654.jpg 480 640 0 232 150 421 291
793 train/61.jpg 480 640 0 184 109 300 213
794 train/479.jpg 480 640 0 151 319 260 393
795 train/1067.jpg 480 640 0 153 176 320 257
796 train/865.jpg 480 640 0 265 182 348 239
797 train/1490.jpg 480 640 0 163 238 598 394 0 5 5 191 58
798 train/1462.jpg 480 640 0 325 149 504 290
799 train/213.jpg 480 640 0 199 263 301 317
800 train/695.jpg 480 640 0 314 202 376 266 0 194 293 319 381
801 train/1097.jpg 480 640 0 326 41 458 121
802 train/391.jpg 480 640 0 183 267 336 401
803 train/225.jpg 480 640 0 233 307 302 337
804 train/126.jpg 480 640 0 107 84 148 206 0 139 237 273 355
805 train/848.jpg 480 640 0 102 1 216 203
806 train/1501.jpg 480 640 0 283 135 492 332
807 train/1098.jpg 480 640 0 347 86 465 118
808 train/1363.jpg 480 640 0 186 217 301 352
809 train/889.jpg 480 640 0 3 299 215 477 0 286 59 410 238
810 train/53.jpg 480 640 0 180 145 271 229
811 train/684.jpg 480 640 0 296 73 461 197
812 train/223.jpg 480 640 0 277 303 344 340
813 train/756.jpg 480 640 0 89 169 298 260 0 484 45 515 105 0 532 55 578 88
814 train/535.jpg 480 640 0 332 208 436 254
815 train/1252.jpg 480 640 0 210 6 520 350
816 train/922.jpg 480 640 0 108 207 270 303
817 train/393.jpg 480 640 0 198 309 365 468
818 train/1171.jpg 480 640 0 257 97 379 213
819 train/389.jpg 480 640 0 217 285 368 395
820 train/428.jpg 480 640 0 171 249 258 364
821 train/1273.jpg 480 640 0 288 70 454 287
822 train/1050.jpg 480 640 0 50 182 372 422
823 train/1326.jpg 480 640 0 277 21 437 243
824 train/544.jpg 480 640 0 287 210 378 265
825 train/550.jpg 480 640 0 229 214 316 261
826 train/1185.jpg 480 640 0 194 144 298 256
827 train/1268.jpg 480 640 0 310 148 432 284
828 train/416.jpg 480 640 0 281 260 401 343
829 train/1224.jpg 480 640 0 220 74 528 257
830 train/551.jpg 480 640 0 254 220 334 276
831 train/651.jpg 480 640 0 109 118 345 289
832 train/862.jpg 480 640 0 281 161 369 223
833 train/1151.jpg 480 640 0 311 179 407 283
834 train/586.jpg 480 640 0 220 33 376 186 0 3 4 116 204
835 train/1145.jpg 480 640 0 343 152 434 187
836 train/431.jpg 480 640 0 242 262 336 385
837 train/497.jpg 480 640 0 160 233 391 388
838 train/238.jpg 480 640 0 216 224 349 341 0 356 228 397 311 0 281 156 355 229 0 430 203 450 242
839 train/339.jpg 480 640 0 221 259 359 342
840 train/252.jpg 480 640 0 80 244 221 326 0 229 239 406 321 0 495 156 597 249
841 train/678.jpg 480 640 0 270 61 476 222 0 175 297 257 335
842 train/968.jpg 480 640 0 245 247 330 318
843 train/319.jpg 480 640 0 415 215 571 302
844 train/16.jpg 480 640 0 460 239 615 334
845 train/856.jpg 480 640 0 323 145 376 228
846 train/645.jpg 480 640 0 357 96 537 288
847 train/407.jpg 480 640 0 324 260 534 401 0 575 337 630 407
848 train/797.jpg 480 640 0 373 209 464 284 0 587 189 614 241
849 train/644.jpg 480 640 0 378 97 575 311
850 train/1311.jpg 480 640 0 248 27 367 172
851 train/881.jpg 480 640 0 188 8 318 184 0 2 264 94 462
852 train/481.jpg 480 640 0 235 409 370 480
853 train/683.jpg 480 640 0 286 78 453 205 0 162 255 227 295
854 train/1417.jpg 480 640 0 155 51 365 284
855 train/144.jpg 480 640 0 122 248 263 368 0 82 99 132 236
856 train/1051.jpg 480 640 0 114 195 406 409
857 train/1471.jpg 480 640 0 306 181 409 247
858 train/40.jpg 480 640 0 508 244 636 335
859 train/140.jpg 480 640 0 165 263 303 376 0 115 107 170 242
860 train/1136.jpg 480 640 0 421 117 522 156
861 train/1189.jpg 480 640 0 188 178 298 295
862 train/818.jpg 480 640 0 353 5 470 109 0 2 81 35 195 0 572 51 626 94
863 train/501.jpg 480 640 0 341 231 564 361
864 train/411.jpg 480 640 0 260 301 419 393 0 408 332 443 386
865 train/598.jpg 480 640 0 54 240 215 350
866 train/1160.jpg 480 640 0 339 156 426 196
867 train/221.jpg 480 640 0 355 271 417 303
868 train/834.jpg 480 640 0 324 128 415 208 0 412 172 430 221
869 train/871.jpg 480 640 0 227 202 322 250
870 train/690.jpg 480 640 0 301 116 420 227
871 train/65.jpg 480 640 0 69 70 240 218
872 train/554.jpg 480 640 0 185 230 274 281
873 train/789.jpg 480 640 0 369 220 473 314 0 601 203 630 257
874 train/1406.jpg 480 640 0 168 112 262 235
875 train/569.jpg 480 640 0 392 54 577 191 0 148 44 285 219
876 train/397.jpg 480 640 0 166 344 210 391 0 394 283 552 407
877 train/341.jpg 480 640 0 26 182 238 290
878 train/1323.jpg 480 640 0 281 98 415 258
879 train/1148.jpg 480 640 0 189 126 304 168
880 train/495.jpg 480 640 0 94 251 326 396
881 train/854.jpg 480 640 0 315 112 371 198
882 train/1459.jpg 480 640 0 369 147 517 265
883 train/1315.jpg 480 640 0 233 25 364 175
884 train/876.jpg 480 640 0 67 134 243 279 0 254 5 333 126
885 train/478.jpg 480 640 0 244 366 346 445
886 train/348.jpg 480 640 0 13 301 125 403
887 train/754.jpg 480 640 0 40 159 284 281
888 train/850.jpg 480 640 0 196 4 332 237
889 train/1482.jpg 480 640 0 2 162 302 387
890 train/33.jpg 480 640 0 509 245 636 330
891 train/331.jpg 480 640 0 303 283 381 341
892 train/1456.jpg 480 640 0 309 173 422 262
893 train/369.jpg 480 640 0 382 239 453 312 0 139 315 202 391
894 train/432.jpg 480 640 0 61 313 173 442
895 train/343.jpg 480 640 0 3 225 165 324
896 train/1134.jpg 480 640 0 364 140 469 177
897 train/833.jpg 480 640 0 306 104 383 172 0 378 144 388 188
898 train/795.jpg 480 640 0 376 218 464 301 0 593 192 623 244
899 train/918.jpg 480 640 0 174 187 348 291
900 train/758.jpg 480 640 0 186 200 341 283 0 298 3 358 46 0 474 119 497 168 0 507 119 560 163
901 train/1054.jpg 480 640 0 108 168 368 322
902 train/813.jpg 480 640 0 375 158 476 215
903 train/64.jpg 480 640 0 111 81 265 213
904 train/315.jpg 480 640 0 381 198 524 277
905 train/44.jpg 480 640 0 481 246 619 334
906 train/810.jpg 480 640 0 146 65 256 136
907 train/211.jpg 480 640 0 185 260 282 321
908 train/1279.jpg 480 640 0 221 23 494 322
909 train/1416.jpg 480 640 0 102 1 297 246
910 train/1259.jpg 480 640 0 287 129 400 320 0 242 278 316 402
911 train/1507.jpg 480 640 0 253 60 414 324 0 4 93 73 474
912 train/334.jpg 480 640 0 521 280 619 353
913 train/1469.jpg 480 640 0 210 257 384 360
914 train/240.jpg 480 640 0 105 223 263 347 0 283 235 337 314 0 222 159 318 233 0 392 201 408 241
915 train/755.jpg 480 640 0 27 145 258 243 0 480 16 505 77 0 525 23 572 61
916 train/505.jpg 480 640 0 230 218 401 441
917 train/231.jpg 480 640 0 71 339 150 374
918 train/435.jpg 480 640 0 20 228 152 380
919 train/910.jpg 480 640 0 274 255 378 313 0 557 271 588 302
920 train/715.jpg 480 640 0 297 146 519 247
921 train/917.jpg 480 640 0 235 239 396 337
